52
116
164
212
268
400
528
632
728
828
940
1036
1160
1312
1440
1612
1788
1960
2100
2200
2368
2524
2660
2824
3016
3204
3356
3504
3704
3876
4064
4160
4312
4448
4608
4744
4928
5100
5276
5476
5624
5816
6008
6152
6248
6352
6532
6656
6764
6924
7056
7192
7292
7400
7540
7728
7868
8060
8248
8416
8560
8672
8828
9024
9220
9408
9588
9748
10000
10228
10456
10668
10852
11060
11332
11644
11864
12148
12404
12588
12856
13080
13344
13604
13888
14160
14476
14796
15092
15372
15576
15816
16092
16316
16532
16760
16992
17140
17404
17652
44
76
112
180
252
292
372
472
560
664
772
864
968
1080
1160
1268
1404
1528
1680
1804
1944
2144
2320
2472
2644
2788
2968
3160
3336
3512
3616
3732
3852
4024
4204
4356
4504
4668
4816
5008
5112
5204
5392
5476
5604
5748
5904
6064
6224
6312
6424
6596
6744
6904
7080
7232
7396
7580
7768
7968
8164
8248
8384
8496
8660
8828
8940
9048
9168
9296
9460
9604
9828
10048
10184
10388
10616
10836
11024
11196
11440
11648
11916
12204
12452
12756
13008
13264
13612
13904
14304
14584
14996
15244
15524
15868
16208
16612
17000
17372
