52
64
48
48
56
132
128
104
96
100
112
96
124
152
128
172
176
172
140
100
168
156
136
164
192
188
152
148
200
172
188
96
152
136
160
136
184
172
176
200
148
192
192
144
96
104
180
124
108
160
132
136
100
108
140
188
140
192
188
168
144
112
156
196
196
188
180
160
252
228
228
212
184
208
272
312
220
284
256
184
268
224
264
260
284
272
316
320
296
280
204
240
276
224
216
228
232
148
264
248
44
32
36
68
72
40
80
100
88
104
108
92
104
112
80
108
136
124
152
124
140
200
176
152
172
144
180
192
176
176
104
116
120
172
180
152
148
164
148
192
104
92
188
84
128
144
156
160
160
88
112
172
148
160
176
152
164
184
188
200
196
84
136
112
164
168
112
108
120
128
164
144
224
220
136
204
228
220
188
172
244
208
268
288
248
304
252
256
348
292
400
280
412
248
280
344
340
404
388
372
