19
21
9
14
39
19
25
38
40
64
64
55
59
24
44
33
19
36
29
51
38
44
29
34
15
33
50
49
27
29
14
60
28
37
33
37
30
26
42
48
44
64
27
69
59
64
30
57
82
69
66
57
75
54
71
59
49
43
61
50
70
85
79
82
64
58
55
72
60
52
49
65
85
67
71
41
87
59
56
77
71
92
73
76
70
70
53
57
62
82
86
70
60
64
83
96
87
104
70
76
12
54
37
21
31
13
35
34
46
42
26
21
38
45
35
19
32
17
9
22
16
12
10
24
18
27
15
15
9
32
21
38
11
13
25
18
14
26
17
22
57
50
55
47
62
74
60
43
55
61
62
66
66
39
53
60
33
24
44
52
29
61
46
60
47
55
64
69
80
79
62
73
74
69
88
93
57
85
88
87
75
91
54
42
46
35
52
52
35
65
22
50
18
49
65
45
39
29
28
26
