100
101.191
98.35695
99.67947
99.67947
99.75125
98.5045
102.7802
96.91398
98.94311
98.01739
100.0465
100.0262
100.115
100.8974
100.9863
100.9863
102.0008
102.0008
102.1163
103.236
103.2272
100.4623
104.2085
101.7979
105.2496
102.9115
102.9115
103.0269
103.1157
105.4486
105.3061
103.6788
103.1618
103.3947
103.3947
103.5151
102.3401
104.4066
105.2529
104.8257
104.8711
106.0778
103.1433
109.6302
110.2708
112.4693
111.8439
111.466
111.5548
112.8684
113.2066
110.9852
111.9026
110.2736
109.615
110.8188
110.2545
110.2545
110.0175
110.4578
112.2689
111.3565
111.3158
113.5867
114.8417
112.9418
112.1261
112.9334
111.8229
112.0486
112.484
114.0173
109.0768
108.5953
110.0976
111.1655
109.6592
109.7481
114.4686
114.5299
114.4969
115.3619
114.3441
115.3767
115.0472
116.2617
114.2764
114.215
115.7173
114.5972
115.7447
116.4055
116.1035
116.1923
118.2298
117.7211
117.6951
117.4308
117.6163
119.6145
118.5758
