4
3.995852
5.552585
5.8905
5.8905
6.04415
6.04415
6.208506
5.298374
6.028377
5.298374
6.028377
6.028377
6.028377
6.028377
6.028377
6.028377
6.028377
6.028377
6.028377
7.725533
7.874148
9.504995
8.711691
10.14833
8.711691
10.22228
9.492275
9.492275
9.406101
9.42835
8.836224
10.34681
9.680733
10.34681
10.34681
10.55757
10.71122
14.12584
15.17138
14.1939
14.13554
14.17192
14.10015
13.78469
13.75441
13.90806
15.03525
16.18411
14.94633
15.01747
14.10784
15.82987
17.03632
15.82987
16.49086
15.57942
19.49281
19.49281
19.19201
18.06541
20.18394
20.06898
17.77958
20.99176
20.00321
18.73655
18.19208
17.0773
17.01337
17.75964
17.64786
17.17229
18.94283
20.0325
19.09647
19.00959
19.55763
20.20096
17.69856
18.87034
17.96857
17.92011
18.00208
17.64456
18.49863
18.02465
18.83239
19.46335
19.23873
20.17476
19.77066
20.54567
21.124
21.124
19.85688
19.73528
19.93565
18.61228
19.25989
17.48072
17.63437
