56
136
224
348
480
608
708
796
928
1024
1056
1128
1200
1264
1340
1424
1528
1628
1744
1780
1884
1976
2028
2092
2144
2216
2260
2300
2404
2512
2560
2640
2788
2924
2968
3020
3072
3128
3196
3284
3364
3464
3592
3732
3824
3920
4052
4152
4240
4280
4316
4424
4452
4528
4636
4736
4868
4960
5112
5228
5368
5448
5608
5768
5852
5908
6056
6184
6300
6420
6504
6676
6812
6980
7084
7240
7356
7488
7596
7712
7812
7908
8016
8212
8288
8364
8464
8556
8684
8760
8900
9072
9292
9492
9648
9832
10064
10272
10468
10664
10860
11124
