5.036896
4.978519
5.720949
6.06849
6.199317
7.040517
8.908115
11.93367
8.574197
14.5685
15.80405
16.54634
16.96253
19.52756
17.92379
18.8188
18.96368
18.03885
19.70605
17.65327
16.49851
17.54427
17.42502
17.43921
17.44934
17.35195
19.56429
21.86045
26.50483
26.86894
29.43084
29.94353
28.83377
29.61299
29.76098
30.54597
30.56093
31.58722
32.58057
33.106
31.01368
32.32407
32.1329
31.94034
30.55154
29.39104
32.22049
32.50423
33.89753
35.54041
38.12026
35.67175
35.37468
35.12746
35.21774
38.48634
38.42533
39.93807
40.14913
42.19625
40.97565
40.34874
40.34805
40.3679
36.94641
35.64393
37.41457
38.15062
37.98611
38.35807
38.54163
38.52234
38.60622
38.41344
38.26294
41.92858
40.09537
38.10521
42.49494
39.31225
41.98299
37.30305
37.31381
38.73631
41.11449
39.77189
41.54622
43.01891
44.22126
45.00858
45.17899
44.93934
45.05235
45.24274
45.08057
44.46487
45.14148
44.84822
44.88037
44.85372
44.79371
47.09239
46.00738
