125.9224
116.0431
146.5184
147.0276
145.7403
148.0656
149.3272
151.3332
149.5592
155.1227
155.1259
156.9143
157.8516
159.7572
161.0218
165.7082
165.9171
167.0627
169.7208
170.2667
170.92
171.1572
174.7201
176.1389
177.1518
179.3902
181.1048
179.6606
179.7045
184.6179
186.6344
186.9769
190.8649
192.1517
194.6582
196.6006
197.7454
200.1127
201.8555
207.0448
209.0555
209.6447
209.5058
214.1356
218.6619
220.824
220.8791
220.7138
224.3947
225.6679
229.0693
229.8072
230.4557
231.4525
236.8751
237.226
239.7685
242.597
242.7957
243.2177
244.8729
247.4932
247.4933
247.5291
252.2595
254.5393
258.2359
263.766
265.014
269.3535
272.0124
273.4723
276.191
276.8908
277.3312
282.319
284.6115
286.0792
286.3862
288.4952
290.4018
294.1421
295.4274
296.6196
297.7147
298.6844
301.8308
305.8865
308.4489
313.9959
313.1351
314.576
315.4977
315.5101
317.6021
321.4971
322.7631
325.8465
329.1636
331.3179
332.4345
332.2165
335.9749
