60
144
224
296
380
512
660
760
920
1112
1220
1328
1456
1616
1728
1876
2008
2124
2308
2464
2608
2732
2896
3084
3208
3352
3516
3628
3760
3880
3972
4092
4268
4484
4656
4788
4912
5052
5220
5376
5540
5652
5792
6000
6180
6356
6552
6708
6868
7012
7200
7384
7660
7900
8100
8340
8604
8824
9068
9276
9516
9740
9932
10188
10412
10612
10844
11020
11240
11416
11628
11856
12108
12400
12644
12856
13024
13292
13552
13748
13952
14068
14216
14444
14668
14848
15072
15312
15576
15860
16152
16416
16724
17048
17324
17640
17964
18232
18492
18780
