60
84
68
120
124
124
128
88
136
128
132
128
100
132
112
76
124
140
108
96
148
148
188
184
104
120
172
120
208
168
128
116
100
140
96
152
32
100
112
136
108
104
168
140
92
108
76
104
140
144
120
96
44
28
24
96
64
96
80
72
44
128
84
116
188
152
80
128
128
120
72
64
84
136
72
112
116
136
112
80
68
128
140
156
184
136
132
56
96
124
124
124
140
168
132
132
124
124
188
180
180
192
200
128
220
148
280
280
228
132
208
124
164
192
172
208
280
216
188
272
124
160
76
132
120
92
168
180
208
136
184
248
144
208
304
224
260
244
284
184
224
192
156
96
188
200
252
208
160
248
224
280
220
272
168
124
204
