60
144
212
332
456
580
708
796
932
1060
1192
1320
1420
1552
1664
1740
1864
2004
2112
2208
2356
2504
2692
2876
2980
3100
3272
3392
3600
3768
3896
4012
4112
4252
4348
4500
4532
4632
4744
4880
4988
5092
5260
5400
5492
5600
5676
5780
5920
6064
6184
6280
6324
6352
6376
6472
64
160
240
312
356
484
568
684
872
1024
1104
1232
1360
1480
1552
1616
1700
1836
1908
2020
2136
2272
2384
2464
2532
2660
2800
2956
3140
3276
3408
3464
3560
3684
3808
3932
4072
4240
4372
4504
4628
4752
4940
5120
5300
5492
5692
5820
6040
6188
6468
6748
6976
7108
7316
7440
7604
7796
7968
8176
8456
8672
8860
9132
9256
9416
9492
9624
9744
9836
10004
10184
10392
10528
10712
10960
11104
11312
11616
11840
12100
12344
12628
12812
13036
13228
13384
13480
13668
13868
14120
14328
14488
14736
14960
15240
15460
15732
15900
16024
16228
