44
59
46
90
49
65
51
63
48
74
69
77
76
87
122
107
115
109
88
86
82
80
68
87
96
93
107
114
108
131
144
134
134
106
138
128
158
152
141
115
123
124
101
131
131
155
152
159
131
136
141
143
217
204
230
179
42
47
19
34
72
31
50
36
54
88
84
87
65
77
110
101
106
102
111
82
81
107
100
138
124
113
129
88
84
126
121
146
122
100
125
98
96
107
125
130
120
135
98
105
100
126
101
135
88
105
82
84
106
109
148
143
141
134
116
125
68
109
107
87
168
151
180
150
138
175
137
117
133
130
141
104
121
149
103
120
99
108
96
123
124
135
146
164
133
136
124
121
137
124
113
125
148
120
152
158
148
