100
103.3203
103.9596
99.68925
101.0248
100.6574
98.14735
98.14735
98.14735
98.14735
97.08205
95.12129
97.53657
95.11442
98.9969
95.85068
95.85068
95.99889
95.85068
95.85068
96.76334
95.85068
93.29198
95.81102
95.98843
93.73639
95.74326
99.06792
86.28105
88.19807
86.10669
87.78889
87.88159
88.65489
88.20924
88.22651
89.17349
89.71685
91.15877
90.6964
89.37666
90.03349
92.16161
88.72557
88.35181
88.35181
88.35181
88.22066
89.506
88.35181
88.35181
88.51768
93.02837
89.24577
89.90877
88.56483
88.56483
100
103.3203
103.9596
99.68925
99.68925
99.68925
98.8802
101.4086
101.8955
106.1554
106.5682
105.7888
103.9626
103.7118
105.7798
103.7118
103.7118
107.0867
106.483
103.2212
106.5656
105.9007
105.691
105.9007
105.9007
103.4245
105.3962
102.1147
105.0017
105.3246
102.8286
104.1052
102.7263
103.6517
105.598
108.1032
108.1032
108.5771
107.4772
110.3868
110.1858
108.8904
109.3401
107.6476
109.0852
108.8725
109.2631
109.3401
107.8326
108.9475
106.0096
107.349
111.8126
111.1513
107.349
107.349
107.5491
107.349
108.2063
109.0485
109.527
110.0289
109.0829
110.0289
108.3733
108.2418
108.2418
107.2332
105.2366
103.5394
103.8221
100.3429
99.96741
99.62912
100.9705
101.1911
104.5846
101.1707
104.3888
106.5965
104.4198
104.4255
103.9973
104.4827
104.4827
103.5595
103.1934
106.5803
108.2049
108.4299
107.475
107.6412
106.4285
106.4285
107.0256
107.1721
107.5855
104.0931
109.9452
110.6172
112.9163
111.6335
