4
4
4.052805
5.454947
5.706346
6.282852
5.267286
5.949575
5.357615
7.083155
9.308341
8.433462
9.502562
11.26048
13.37547
13.61963
13.3509
13.48054
14.90772
15.52179
16.9409
15.12681
12.93897
13.95497
16.26316
15.2922
14.12121
16.41889
11.09409
15.73216
17.94431
18.88427
22.43334
22.3104
22.5448
22.59549
25.00734
24.99425
23.33646
24.09019
26.38327
26.76383
27.0321
26.58875
28.08875
26.90661
31.56743
28.34907
30.35147
30.17981
31.54196
31.8864
36.67174
33.91022
33.58597
36.07351
34.33534
4
4
4.17357
5.869818
6.528773
6.632887
7.580341
5.634434
6.514
15.79344
15.37554
16.0013
13.55367
15.34699
21.3184
21.40804
20.03143
21.73339
22.41157
22.79476
25.919
26.5325
26.45428
28.33549
28.02688
28.02976
28.04074
27.83192
27.72125
28.06166
28.06978
26.41059
27.2907
28.02412
28.02412
28.02412
27.88013
27.6828
27.75138
27.7565
31.44099
29.73273
31.92913
32.08829
29.85364
34.57549
33.77194
32.85378
33.84092
37.34079
33.60924
32.66236
37.46077
36.67009
39.49714
39.45649
39.04386
38.71404
38.40665
40.5588
41.5407
39.18629
38.33543
38.99746
38.98631
39.29111
41.89151
39.11406
38.92976
38.54169
37.09449
36.90083
36.70068
36.41724
36.90224
36.90206
36.28697
35.03372
32.13477
32.09748
31.71103
35.20718
34.3223
35.2316
35.25802
40.06046
42.21223
44.45722
43.32721
44.79332
44.93893
47.3551
46.4181
46.37741
44.41812
44.31493
46.26057
46.60323
46.59453
46.59354
46.59354
48.19544
