40
80
124
164
236
340
428
512
608
672
716
768
856
976
1052
1172
1308
1432
1556
1660
1772
1924
1992
2136
2188
2308
2440
2616
2776
2880
3036
3180
3324
3392
3528
3620
3708
3844
3936
4108
4184
4340
4464
4584
4672
4868
5108
5208
5396
5496
5692
5964
6160
6384
6592
6816
7096
7336
7592
7764
8008
8148
8368
8656
8848
9060
9196
9420
9612
9736
9920
10164
10396
10568
10724
11008
11164
11372
11632
11780
11888
12124
12220
12444
12548
12644
12856
13040
13268
13448
13596
13740
13956
14148
14308
14464
14672
14872
15092
15364
15612
