105.0649
146.0617
144.4775
148.5731
151.4181
150.4905
152.5786
153.5373
155.0028
158.6823
160.3979
157.8208
158.3882
160.7915
163.5869
165.0704
165.7806
165.797
168.6914
170.8541
171.2711
171.3891
171.5311
170.524
171.5542
171.6357
171.4196
171.3499
171.3562
171.3362
173.7934
174.5175
170.7338
171.331
171.1696
170.9619
170.3304
169.9579
169.9579
169.9501
169.9264
172.2152
171.5376
171.2253
172.7302
171.1952
171.4136
175.1706
175.4803
175.673
175.0572
174.8976
175.6648
177.9359
178.7231
176.0075
181.2029
183.8261
183.7682
183.8416
183.8306
183.8766
183.573
182.9201
180.5746
184.1074
184.2563
184.5702
185.0187
187.0372
189.2002
193.8463
193.6564
193.3529
193.3726
193.3948
193.825
193.5578
197.0953
192.882
197.6011
197.2793
196.7498
195.6885
195.6267
190.248
194.3286
198.564
200.0706
200.0764
198.0318
196.8461
199.9159
199.3331
203.0124
203.8829
203.8276
202.6629
203.6006
203.8023
203.8425
203.8298
