4.202595
5.741303
6.029669
10.64612
10.67538
10.57104
10.88533
13.29681
12.76593
13.05442
10.70887
11.29104
11.19283
10.15539
9.713985
9.347416
8.526711
7.12274
8.826492
10.82691
11.13672
13.30524
10.46484
8.529524
8.685625
6.452812
8.938431
9.072188
7.574979
9.343017
9.318428
9.407978
8.345482
3.572466
3.824831
4.395428
5.307188
6.398051
6.398084
6.446994
6.594872
4.205587
5.530114
6.574657
7.538254
6.868106
11.31519
9.815741
12.42617
13.07216
13.08141
13.18066
12.25486
14.67815
14.14256
15.92656
18.24854
17.44114
12.77976
19.35902
15.44918
19.32503
21.18163
21.4661
23.20622
28.43769
29.02805
29.75509
28.64699
27.04818
25.74836
25.8198
25.97301
26.80479
28.7749
30.53572
29.39258
28.33573
29.12003
29.51712
29.8545
29.31706
29.56042
29.50911
25.63906
24.90022
26.48254
31.48329
27.95083
30.05712
28.0218
26.91302
28.72924
28.76643
26.6088
26.15273
24.13605
23.59225
23.97907
26.14842
27.55039
28.14694
