52
96
136
164
216
280
368
432
504
596
664
740
776
844
892
964
1044
1120
1196
1228
1280
1360
1448
1516
1596
1628
1716
1828
1912
1944
2060
2188
2280
2356
2444
2524
2588
2692
2772
2856
2924
2996
3056
3164
3268
3356
3472
3548
3660
3740
3840
3972
4076
4140
4268
4372
4468
4584
4736
4892
4984
5088
5252
5448
5568
5704
5820
5992
6148
6236
6340
6472
6588
6688
6752
6928
7036
7128
7332
7428
7544
7692
7772
7948
8052
8164
8252
8388
8528
8588
8724
8792
8944
9060
9188
9252
9356
9460
9572
9672
9788
9928
10056
10164
