100
102.0944
103.6569
103.0768
104.3179
103.2906
103.9584
103.4236
106.7014
107.4626
107.6884
104.9354
103.2162
104.9566
99.17484
100.1321
99.44659
99.59174
99.91814
100.3752
100.6839
98.55518
97.90169
97.90167
96.41226
98.4798
97.90169
95.95386
94.09212
94.09207
98.46767
97.65837
94.06842
94.69652
91.32458
92.82004
89.25168
95.77873
96.02985
96.04369
95.66556
96.2366
94.50644
94.18513
96.73779
97.09344
97.32028
97.11908
101.6427
101.8715
100.1158
101.095
99.46854
99.07678
99.49979
99.75937
103.1436
103.5695
108.2119
107.1876
108.3748
109.382
111.6027
113.101
115.8572
113.0663
110.1562
109.4749
108.6391
109.4322
108.5893
109.933
109.0138
110.0489
109.512
105.9084
103.4752
104.6664
102.7972
99.8244
99.33568
99.33568
98.28769
96.04269
96.01618
95.31272
93.32523
92.61856
91.19293
89.53256
89.46082
89.46082
87.06805
86.91319
88.7637
89.16118
87.51447
88.87503
90.36182
92.14761
85.78899
86.42685
87.36801
86.48576
86.57467
