4
4
4.194705
4.190413
4.322162
4.554607
7.070139
3.435519
5.249679
7.367766
8.183512
5.699831
9.866423
9.838178
9.667859
9.262085
9.631445
7.824952
6.507127
10.16229
11.47843
12.56365
12.69131
12.73948
11.20103
10.82626
11.27254
11.16482
9.245348
7.404999
6.754563
6.754543
6.60729
4.946214
4.996496
8.261335
6.255356
7.247444
9.632375
9.680605
9.672052
11.30302
9.956983
10.93727
11.10884
8.934618
13.64621
13.95676
13.46874
13.99903
12.7537
12.38405
8.815729
8.76207
10.32048
8.819948
10.45095
8.757967
8.695086
9.603313
11.18184
11.14114
12.26868
10.97574
12.6354
12.88022
11.40306
12.52505
12.82722
11.92248
14.3071
14.46609
14.79141
14.36523
11.72051
10.5202
11.54081
8.274216
9.001202
10.42985
11.39768
10.76982
12.7821
11.7249
7.490851
4.35779
4.068192
7.54265
8.739549
10.92495
10.95395
9.915735
9.84742
7.11859
10.24352
11.32043
10.14363
14.37749
14.99517
15.84139
14.83935
15.06196
14.96393
15.15946
11.55136
