52
100
164
196
236
268
304
352
392
416
468
548
588
672
736
844
924
1024
1104
1200
1328
1444
1516
1592
1696
1808
1920
2036
2120
2204
2304
2412
2536
2644
2772
2912
3036
3180
3380
3532
3676
3836
3976
4196
4344
4516
4692
4796
4900
5036
5224
5420
5528
5692
5844
5960
6088
6208
6368
6500
6628
6796
6980
7080
7288
7424
7488
7652
7748
7844
7936
8028
8140
8244
8336
8480
60
116
152
56
104
164
228
56
116
164
224
284
336
404
504
576
644
748
880
948
1040
1136
1256
1404
1572
1728
1872
2000
2132
2224
2376
2512
2652
2772
56
104
144
208
264
320
364
416
496
620
704
788
56
136
208
300
376
468
548
652
732
804
904
1048
1172
1312
1392
1464
1584
1724
1888
2068
2172
2260
2372
2552
2724
2892
3064
3224
3396
3512
3652
3804
3976
4176
4364
4556
4700
4860
5012
5152
5348
5580
5792
5976
6124
6340
6504
6704
6880
7104
7264
7404
7552
7708
7848
8000
8252
8420
8560
8716
8916
9112
9304
9484
9680
9844
10040
10268
10472
10736
11036
11388
11616
11912
12164
12460
12768
13108
13400
13712
14008
14304
14604
14880
15156
15480
15744
44
80
140
192
244
328
392
464
528
580
680
764
848
952
1008
1112
1200
1276
64
44
52
52
40
36
44
44
60
84
120
172
64
92
76
92
128
64
80
108
172
232
44
72
112
188
252
344
432
32
44
80
116
184
252
44
88
140
228
300
360
48
68
52
68
36
32
60
92
168
36
72
36
56
48
76
136
48
76
44
80
128
52
44
52
76
36
56
92
140
180
244
268
328
412
