52
48
64
32
40
32
36
48
40
24
52
80
40
84
64
108
80
100
80
96
128
116
72
76
104
112
112
116
84
84
100
108
124
108
128
140
124
144
200
152
144
160
140
220
148
172
176
104
104
136
188
196
108
164
152
116
128
120
160
132
128
168
184
100
208
136
64
164
96
96
92
92
112
104
92
144
60
56
36
56
48
60
64
56
60
48
60
60
52
68
100
72
68
104
132
68
92
96
120
148
168
156
144
128
132
92
152
136
140
120
56
48
40
64
56
56
44
52
80
124
84
84
56
80
72
92
76
92
80
104
80
72
100
144
124
140
80
72
120
140
164
180
104
88
112
180
172
168
172
160
172
116
140
152
172
200
188
192
144
160
152
140
196
232
212
184
148
216
164
200
176
224
160
140
148
156
140
152
252
168
140
156
200
196
192
180
196
164
196
228
204
264
300
352
228
296
252
296
308
340
292
312
296
296
300
276
276
324
264
44
36
60
52
52
84
64
72
64
52
100
84
84
104
56
104
88
76
