10.4
25.8
12.9
25.6
16.6
8.600001
30.7
25.6
24
16.2
27.2
30
33.1
42.3
55.5
44
45.4
8.099999
23.8
40.1
18.2
29.3
47.7
52.8
24.5
32.3
46.2
43.6
20.7
34.89999
22.5
34.2
41.4
39.2
46.3
30.1
41.3
32.6
19.4
46.7
39.7
34.39999
66.7
41.1
47.2
47.1
31.4
29.6
22.4
39.39999
37.2
43.4
48.5
20.2
39
49.4
37.5
57.3
47.49999
49.6
42
54.5
29.5
40.5
78.49999
26.5
66.7
49.2
44.5
49.6
50.69999
69.3
44.4
49.7
64.2
44.7
10.8
21.1
15.6
28
13
10
32
30
45
38
43
27
13
8
22
11
4
24
8
10
2
13
19
14
39
47
25
20
29
41
7
13
20
15
13
30
43
16
31
29
46
31
23
38
48
50
33
4
19
22
27
37
40
46
43
34
43
36
47
30
89
91
49
42
62
43
39
62
45
42
32
41
38
34
49
47
49
34
43
30
43
45
40
32
43
49
30
47
45
43
26
19
41
38
45
47
29
32
38
50
47
58
39
48
69
85
49
57
77
69
54
68
47
43
59
47
42
41
59
51
41
57
48
56
65
49
46
46
44
47
61
66
60
21
26
22
33
19
46
65
46
66
42
58
41
51
66
56
35
26
39
