60
92
156
240
308
400
484
592
688
764
880
1032
1184
1328
1444
1584
1700
1828
1956
2120
2244
2388
2524
2624
2760
2876
3044
3196
3324
3416
3504
3628
3740
3872
3980
4128
4272
4448
4532
4604
4768
4908
4988
5136
5296
5424
5604
5804
5944
6164
6400
6600
6868
7084
7256
7440
7624
7832
8064
8236
8464
8732
9016
9204
9472
9672
9864
10040
10260
10504
10784
11052
11264
11488
11684
11876
12116
12348
12620
12884
13080
13224
13448
13656
13808
13968
14116
14364
14516
14656
14852
15056
15292
15512
15744
16068
16284
16448
16740
17056
