76
120
192
260
300
380
420
468
512
572
652
744
832
916
1004
1088
1160
1244
1364
1448
1560
1688
1768
1888
1988
2076
2184
2332
2428
2548
2664
2800
2916
3072
3244
3388
3544
3728
3916
4012
4228
4380
4488
4580
4736
4932
5120
5292
5552
5780
6012
6168
6468
6768
7004
7308
7528
7708
7900
8080
8316
8512
8700
8908
9100
9296
9488
9652
9840
10044
10304
10532
10684
10900
11152
11336
11504
11724
11952
12176
12384
12604
12772
12968
13112
13308
13532
13780
14020
14204
14444
14684
14892
15100
15316
15528
15712
15932
16140
16408
