5.05
7.2
9.68
9.26
10.11
11.58
11.6
11.79
10.6
10.89
12.8
13.68
12
10.11
12.44
11
15
14.8
16.21
16
13
15.4
15.58
15.2
16.2
14.22
17.78
13.4
14.4
18.4
19
20.6
18.2
19.4
19.4
18.4
20.4
16.4
19.4
20.2
16.4
17.4
18
17.6
21
20.8
20.4
21
16.6
18.67
20.63
21
22.95
22.67
23.56
22.67
20
20
20
20.44
20.6
20.42
20.44
20.4
19.79
21.2
20.67
18.12
20.42
20.21
19.29
22.22
20.63
18.89
19.33
20.22
19.78
21.41
22.8
23.29
22.44
22.32
23.11
20
22.11
23.25
24.8
24.75
25.75
27.71
22.44
25.18
25.25
23.53
22
25.25
25.41
25.65
26.13
24.29
25.23
24.75
