96
240
424
600
792
1012
1244
1468
1680
1876
2132
2392
2632
2824
3048
3268
3568
3864
4172
4476
4736
5044
5340
5644
5968
6224
6544
6812
7100
7468
7848
8260
8624
9012
9400
9768
10176
10504
10892
11296
11624
11972
12332
12684
13104
13520
13928
14348
14680
15016
15408
15828
16264
16672
17096
17504
17884
18244
18624
18992
19404
19792
20160
20568
20944
21368
21740
22048
22436
22820
23148
23548
23940
24280
24628
24992
25348
25712
26168
26564
26968
27392
27808
28168
28588
28960
29332
29728
30140
30528
30932
31360
31764
32164
32472
32876
33308
33744
34136
34476
34804
35200
