100
100
100.1803
100.5191
100.863
101.2069
101.5509
99.70978
99.74094
99.49481
100.0948
100.7212
100.4962
100.8224
100.6797
100.9169
100.6772
100.4839
100.9326
101.5543
101.9069
101.0658
100.8538
100.727
100.5045
100.3118
100.639
100.9825
100.8075
100.6927
100.5034
100.8307
100.6552
100.464
100.3446
100.1551
99.96349
100.0777
99.83414
100.1598
99.98421
100.7079
100.5447
100.3539
100.169
100.4964
100.1352
100.3983
100.7398
100.7505
101.084
101.4277
101.1678
101.6405
101.9296
102.2719
102.557
102.8992
103.2431
103.7086
104.0563
103.7639
104.1468
104.6134
104.4423
104.2252
104.5188
104.8612
105.2052
105.7921
106.1437
107.0367
107.3979
107.7424
107.8184
108.154
108.6481
108.3602
108.6844
108.5088
108.8694
109.2139
109.5579
109.9018
111.0691
111.7132
111.9162
111.401
111.7181
112.6101
112.8209
113.1607
113.5045
113.8485
114.1925
114.0175
114.4352
114.6311
115.0621
115.2584
115.6893
116.2189
116.5687
