4
4
3.971305
3.971688
3.972979
3.974299
3.958516
3.87369
3.818592
3.757147
3.75756
3.759906
3.702587
3.702075
3.654981
3.627371
3.549681
3.510856
3.482001
3.483433
3.467653
3.384208
3.345202
3.294686
3.23816
3.199996
3.182979
3.183727
3.124125
3.134616
3.075319
3.074745
3.038329
3.000793
2.980047
2.925898
2.887808
2.886941
2.827191
2.826603
2.790187
2.762462
2.725197
2.687635
2.662684
2.663184
2.569635
2.571431
2.52877
2.476006
2.475636
2.476904
2.44154
2.414032
2.417892
2.402188
2.395421
2.417258
2.402116
2.374002
2.357299
2.316262
2.32015
2.309734
2.273011
2.241663
2.23554
2.219524
2.2032
2.180334
2.180899
2.184304
2.168586
2.169375
2.159688
2.143561
2.151211
2.114601
2.097632
2.060704
2.063588
2.047854
2.048642
2.032842
2.053893
2.056884
2.051382
1.990433
1.972705
1.992641
1.987669
1.988793
1.973004
1.97379
1.975094
1.938737
1.868168
1.832163
1.823175
1.815987
1.804234
1.788571
1.789361
