4.361472
4.483127
7.01113
8.791618
8.956812
10.55758
12.35866
14.08833
13.97758
15.54161
14.65595
15.42211
17.04149
17.85247
19.06437
20.89707
20.62243
20.87374
20.23805
20.4161
21.06503
22.77464
20.62364
22.10859
23.48942
23.61494
23.31086
23.37611
24.92447
25.49757
26.00533
24.94921
25.72269
26.3044
26.35672
26.36313
28.07274
28.07851
29.78802
31.9164
33.62601
31.82137
32.27673
33.25874
33.25377
35.01358
35.51813
37.16752
39.15888
39.36082
39.03339
39.17313
38.55511
40.32436
40.47786
40.48885
41.44866
41.67262
43.26952
45.22304
45.73151
47.44101
47.2691
47.08018
48.88432
49.04265
49.79163
51.41326
51.27952
51.2442
51.87244
52.38277
52.4898
53.79295
54.37805
54.93031
56.72727
55.77218
57.48169
57.18153
60.15778
58.42377
58.93151
60.80727
60.46446
62.27828
63.01357
64.42197
63.94507
64.12029
64.47926
66.18948
65.88933
65.70909
67.30305
67.51117
67.31589
69.27718
68.79227
70.19995
70.16886
71.60119
73.3622
74.16829
74.43631
75.73952
