9.46
11.26
19.46
22.93
22.38
22.67
30.45
26.14
26.85
27.19
21.48
26
25.18
29.23
33.47
26.95
26.33
26.77
28.71
24.7
28.4
26.5
28.63
31
28.65
24.22
25.5
29.53
32.56
29
27.76
32.07
34
31.21
30.11
28.62
34.54
29.28
30.75
43.62
42.2
41.6
39.8
37.44
39
35.33
38.8
40.33
44.88
50.2
43.2
51
41.89
47.43
44.9
33.1
42.43
42.6
39
46.12
39.12
37
32.56
47
53.25
39.88
52.67
57.88
43.11
49
42.12
45.17
42.62
46.83
49.56
46.71
43.29
47.43
54.2
41.88
48.6
50.29
43.5
51.5
54.75
54.83
39.38
36.58
46
64.67
61.5
43.4
45.43
37.56
47.57
42.25
33.36
40.5
42.5
47.29
41.56
54.12
52.67
36.86
29.43
