109.0368
114.7076
134.8377
136.7338
136.9934
139.1758
140.5068
142.3571
142.6698
145.1576
145.5609
147.1079
148.9626
150.0792
151.3331
152.7491
153.4216
153.7329
155.8789
156.5576
157.6198
158.8862
160.633
161.8492
163.9164
164.0051
164.9269
165.8292
167.8521
167.9599
168.977
170.1681
171.7399
172.8799
173.7552
174.3961
175.6625
176.24
177.4965
178.7612
180.0276
182.5335
183.7111
185.7553
186.5403
187.8373
188.8537
190.116
191.3036
192.281
194.0291
194.2358
197.1068
198.3214
198.9242
200.1361
201.0746
202.567
203.7352
205.021
206.1089
207.3654
209.0428
210.1005
211.3787
212.351
214.4018
215.7
217.4879
218.2586
219.6518
220.7425
222.6027
224.5626
225.6238
226.6214
227.9089
229.673
230.9295
231.9402
233.9935
236.0391
237.0537
238.4194
240.9905
242.3045
243.4132
245.394
247.4629
250.1259
251.2371
252.5645
253.5751
255.8314
257.7057
259.2831
260.2786
261.7045
263.7474
265.6574
266.6044
268.5828
269.9032
271.0187
273.0736
274.9117
