40
100
140
212
324
376
448
516
580
632
696
752
828
896
988
1144
1292
1424
1556
1708
1872
1988
2100
2232
2384
2508
2564
2616
2712
2876
3008
3176
3352
3492
3676
3864
4048
4312
4544
4808
4968
5140
5304
5452
5600
5784
5968
6180
6392
6596
6800
6992
7176
7340
7564
7776
7980
8232
8476
8692
8928
9140
9400
9720
9944
10200
10456
10676
10904
11156
11388
11632
11932
12152
12452
12740
13012
13304
13596
13848
14076
14344
14568
14728
14940
15188
15508
15880
16180
16440
16720
17000
17312
17584
17900
18296
18624
18948
19332
19648
