4.44
8.22
8.47
8.71
9.68
9.26
10.12
10.67
11.16
11.58
11.8
9.6
12.63
13.8
13.56
12.42
12
15.79
12.2
13.68
16.2
14.67
11.6
16.2
15
16.21
14.4
15.8
14.8
17.4
16.8
15.2
16.6
17.6
16.4
16.8
18.6
19.6
17.4
17.47
22.8
19.8
21.47
23.8
21.2
21.8
22
21.2
23.2
22
21.4
20.2
22.6
22.2
23.8
22.6
19.2
25.4
22.6
24.4
22.8
22.4
23.2
22.8
25.2
24.4
25.4
25
25.26
25.68
24.6
23.8
24.6
25.8
25.26
25.26
25.68
26.4
24.42
24.22
24.8
26.2
25
25.33
24.8
26.4
26.4
26.2
24.8
25.4
24.4
25.68
24.63
27
26.4
23.6
24
27.37
26.8
25.4
26.4
