80
228
372
520
704
880
1052
1244
1456
1676
1912
2104
2344
2620
2864
3100
3328
3628
3872
4132
4456
4720
4952
5276
5576
5884
6172
6488
6784
7132
7468
7772
8104
8456
8784
9120
9492
9884
10232
10564
11020
11416
11824
12300
12724
13160
13600
14024
14488
14928
15356
15760
16212
16656
17132
17584
17968
18476
18928
19416
19872
20320
20784
21240
21744
22232
22740
23240
23720
24208
24700
25176
25668
26184
26664
27144
27632
28160
28624
29060
29556
30080
30580
31036
31532
32060
32588
33112
33608
34116
34604
35092
35560
36100
36628
37100
37580
38100
38636
39144
39672
