3.55
3.512214
3.73494
3.488531
3.468338
4.786532
4.827726
4.816522
4.798387
4.802432
4.807171
4.814782
4.815967
4.808568
4.819438
4.799141
4.803119
4.827677
4.786907
4.789298
4.747836
4.754003
4.741704
4.682679
4.642962
4.641854
4.646431
4.650239
4.612486
4.611439
4.619683
4.620074
4.628363
4.59075
4.589707
4.597952
4.598343
4.606632
4.607024
4.615313
4.574035
4.580208
4.581348
4.585996
4.57907
4.577674
4.58722
4.586339
4.595901
4.59502
4.599605
4.608523
4.608437
4.619535
4.620015
4.628307
4.628699
4.636988
4.637381
4.645669
4.646062
4.654351
4.654743
4.663032
4.619295
4.616749
4.626259
4.625377
4.629961
4.630105
4.634721
4.642827
4.600872
4.598382
4.607893
4.612802
4.55937
4.557701
4.565112
4.569955
4.504029
4.50708
4.510475
4.515691
4.520466
4.523101
4.529108
4.531781
4.537789
4.540462
4.54647
4.515995
4.466069
4.469121
4.462145
4.460748
4.470294
4.469413
4.473997
4.482916
4.482829
4.491602
