88.75
93.57069
99.00344
94.50444
94.69962
122.7383
123.6145
123.9777
124.2079
124.5481
124.8917
125.1761
125.5186
125.5305
125.5291
125.8072
126.149
126.1557
126.1626
126.1622
126.1688
126.4427
126.787
126.8072
126.8139
127.0889
127.4305
127.4406
127.447
127.722
128.0631
128.3486
128.6899
128.7067
128.9821
129.3231
129.6086
129.95
130.2355
130.5768
130.5941
130.8684
131.2105
131.5543
131.2324
131.4974
131.8379
132.1236
132.4648
132.7505
133.0924
133.3766
133.7193
133.7282
134.0033
134.3444
134.6299
134.9712
135.2567
135.5981
135.8836
136.225
136.5105
136.8519
136.8696
137.1452
137.486
137.7717
138.1137
138.1244
138.4577
138.6828
139.3642
139.6605
140.002
140.3457
140.0313
140.0214
140.2948
140.6364
140.6576
140.9323
141.2742
141.5589
141.9008
142.186
142.5277
142.8128
143.1546
143.4397
143.7814
143.797
143.8054
144.1387
143.8164
144.0814
144.4219
144.7076
145.0496
145.3337
145.6764
145.9606
